 900052D3D  2 0 6              ;-SHOT #- F(X) DATA WRITEUF OMFIT
                               ;-SHOT DATE-  UFILES ASCII FILE SYSTEM
   0                           ;-NUMBER OF ASSOCIATED SCALAR QUANTITIES-
 Time                Seconds   ;-INDEPENDENT VARIABLE LABEL: X1-
 rho_tor                       ;-INDEPENDENT VARIABLE LABEL: X0-
 Electron Temp       eV        ;-DEPENDENT VARIABLE LABEL-
 0                             ;-PROC CODE- 0:RAW 1:AVG 2:SM 3:AVG+SM
          1                    ;-# OF  X1 PTS-
        104                    ;-# OF  X0 PTS-
 1.000000e-01
 0.000000e+00 9.708738e-03 1.941748e-02 2.912621e-02 3.883495e-02 4.854369e-02
 5.825243e-02 6.796117e-02 7.766990e-02 8.737864e-02 9.708738e-02 1.067961e-01
 1.165049e-01 1.262136e-01 1.359223e-01 1.456311e-01 1.553398e-01 1.650485e-01
 1.747573e-01 1.844660e-01 1.941748e-01 2.038835e-01 2.135922e-01 2.233010e-01
 2.330097e-01 2.427184e-01 2.524272e-01 2.621359e-01 2.718447e-01 2.815534e-01
 2.912621e-01 3.009709e-01 3.106796e-01 3.203883e-01 3.300971e-01 3.398058e-01
 3.495146e-01 3.592233e-01 3.689320e-01 3.786408e-01 3.883495e-01 3.980583e-01
 4.077670e-01 4.174757e-01 4.271845e-01 4.368932e-01 4.466019e-01 4.563107e-01
 4.660194e-01 4.757282e-01 4.854369e-01 4.951456e-01 5.048544e-01 5.145631e-01
 5.242718e-01 5.339806e-01 5.436893e-01 5.533981e-01 5.631068e-01 5.728155e-01
 5.825243e-01 5.922330e-01 6.019417e-01 6.116505e-01 6.213592e-01 6.310680e-01
 6.407767e-01 6.504854e-01 6.601942e-01 6.699029e-01 6.796117e-01 6.893204e-01
 6.990291e-01 7.087379e-01 7.184466e-01 7.281553e-01 7.378641e-01 7.475728e-01
 7.572816e-01 7.669903e-01 7.766990e-01 7.864078e-01 7.961165e-01 8.058252e-01
 8.155340e-01 8.252427e-01 8.349515e-01 8.446602e-01 8.543689e-01 8.640777e-01
 8.737864e-01 8.834951e-01 8.932039e-01 9.029126e-01 9.126214e-01 9.223301e-01
 9.320388e-01 9.417476e-01 9.514563e-01 9.611650e-01 9.708738e-01 9.805825e-01
 9.902913e-01 1.000000e+00
 2.669196e+01 2.668765e+01 2.667471e+01 2.665315e+01 2.662301e+01 2.658431e+01
 2.653708e+01 2.648137e+01 2.641724e+01 2.634474e+01 2.626395e+01 2.617494e+01
 2.607781e+01 2.597263e+01 2.585980e+01 2.574516e+01 2.563103e+01 2.551740e+01
 2.540428e+01 2.529166e+01 2.517954e+01 2.506791e+01 2.495679e+01 2.484615e+01
 2.473600e+01 2.462635e+01 2.451718e+01 2.440849e+01 2.430028e+01 2.419256e+01
 2.408531e+01 2.397854e+01 2.387224e+01 2.376641e+01 2.366105e+01 2.355616e+01
 2.345173e+01 2.334777e+01 2.324426e+01 2.314122e+01 2.303863e+01 2.293650e+01
 2.283482e+01 2.273359e+01 2.263281e+01 2.253247e+01 2.243259e+01 2.233314e+01
 2.223413e+01 2.213557e+01 2.203744e+01 2.193974e+01 2.184248e+01 2.174565e+01
 2.164925e+01 2.155328e+01 2.145773e+01 2.136261e+01 2.126790e+01 2.117362e+01
 2.107975e+01 2.098631e+01 2.089327e+01 2.080065e+01 2.070844e+01 2.061663e+01
 2.052524e+01 2.043425e+01 2.034366e+01 2.025347e+01 2.016369e+01 2.007430e+01
 1.998531e+01 1.989671e+01 1.980851e+01 1.972069e+01 1.963327e+01 1.954623e+01
 1.945958e+01 1.937332e+01 1.928743e+01 1.920193e+01 1.911681e+01 1.903206e+01
 1.894769e+01 1.886369e+01 1.878007e+01 1.869681e+01 1.861393e+01 1.853141e+01
 1.844926e+01 1.836747e+01 1.828604e+01 1.820498e+01 1.812428e+01 1.804393e+01
 1.796394e+01 1.788430e+01 1.779855e+01 1.751990e+01 1.412941e+01 4.824997e+00
 2.375292e+00 2.190009e+00
 