 900052D3D  2 0 6              ;-SHOT #- F(X) DATA WRITEUF OMFIT
                               ;-SHOT DATE-  UFILES ASCII FILE SYSTEM
   0                           ;-NUMBER OF ASSOCIATED SCALAR QUANTITIES-
 Time                Seconds   ;-INDEPENDENT VARIABLE LABEL: X1-
 rho_tor                       ;-INDEPENDENT VARIABLE LABEL: X0-
 Electron Temp       eV        ;-DEPENDENT VARIABLE LABEL-
 0                             ;-PROC CODE- 0:RAW 1:AVG 2:SM 3:AVG+SM
          1                    ;-# OF  X1 PTS-
        104                    ;-# OF  X0 PTS-
 1.000000e-01
 0.000000e+00 9.708738e-03 1.941748e-02 2.912621e-02 3.883495e-02 4.854369e-02
 5.825243e-02 6.796117e-02 7.766990e-02 8.737864e-02 9.708738e-02 1.067961e-01
 1.165049e-01 1.262136e-01 1.359223e-01 1.456311e-01 1.553398e-01 1.650485e-01
 1.747573e-01 1.844660e-01 1.941748e-01 2.038835e-01 2.135922e-01 2.233010e-01
 2.330097e-01 2.427184e-01 2.524272e-01 2.621359e-01 2.718447e-01 2.815534e-01
 2.912621e-01 3.009709e-01 3.106796e-01 3.203883e-01 3.300971e-01 3.398058e-01
 3.495146e-01 3.592233e-01 3.689320e-01 3.786408e-01 3.883495e-01 3.980583e-01
 4.077670e-01 4.174757e-01 4.271845e-01 4.368932e-01 4.466019e-01 4.563107e-01
 4.660194e-01 4.757282e-01 4.854369e-01 4.951456e-01 5.048544e-01 5.145631e-01
 5.242718e-01 5.339806e-01 5.436893e-01 5.533981e-01 5.631068e-01 5.728155e-01
 5.825243e-01 5.922330e-01 6.019417e-01 6.116505e-01 6.213592e-01 6.310680e-01
 6.407767e-01 6.504854e-01 6.601942e-01 6.699029e-01 6.796117e-01 6.893204e-01
 6.990291e-01 7.087379e-01 7.184466e-01 7.281553e-01 7.378641e-01 7.475728e-01
 7.572816e-01 7.669903e-01 7.766990e-01 7.864078e-01 7.961165e-01 8.058252e-01
 8.155340e-01 8.252427e-01 8.349515e-01 8.446602e-01 8.543689e-01 8.640777e-01
 8.737864e-01 8.834951e-01 8.932039e-01 9.029126e-01 9.126214e-01 9.223301e-01
 9.320388e-01 9.417476e-01 9.514563e-01 9.611650e-01 9.708738e-01 9.805825e-01
 9.902913e-01 1.000000e+00
 2.980552e+01 2.978447e+01 2.972141e+01 2.961661e+01 2.947051e+01 2.928372e+01
 2.905703e+01 2.879139e+01 2.848789e+01 2.814779e+01 2.777249e+01 2.736350e+01
 2.692246e+01 2.645113e+01 2.595258e+01 2.545350e+01 2.496403e+01 2.448397e+01
 2.401314e+01 2.355136e+01 2.309846e+01 2.265428e+01 2.221863e+01 2.179136e+01
 2.137231e+01 2.096132e+01 2.055823e+01 2.016289e+01 1.977515e+01 1.939487e+01
 1.902191e+01 1.865611e+01 1.829735e+01 1.794549e+01 1.760040e+01 1.726194e+01
 1.692999e+01 1.660442e+01 1.628512e+01 1.597195e+01 1.566481e+01 1.536357e+01
 1.506813e+01 1.477836e+01 1.449417e+01 1.421545e+01 1.394208e+01 1.367397e+01
 1.341102e+01 1.315312e+01 1.290019e+01 1.265211e+01 1.240881e+01 1.217019e+01
 1.193615e+01 1.170662e+01 1.148150e+01 1.126071e+01 1.104416e+01 1.083178e+01
 1.062348e+01 1.041919e+01 1.021883e+01 1.002232e+01 9.829589e+00 9.640564e+00
 9.455175e+00 9.273350e+00 9.095022e+00 8.920123e+00 8.748588e+00 8.580351e+00
 8.415349e+00 8.253521e+00 8.094804e+00 7.939139e+00 7.786468e+00 7.636733e+00
 7.489878e+00 7.345846e+00 7.204584e+00 7.066039e+00 6.930158e+00 6.796889e+00
 6.666184e+00 6.537992e+00 6.412266e+00 6.288957e+00 6.168019e+00 6.049407e+00
 5.933076e+00 5.818982e+00 5.707082e+00 5.597333e+00 5.489696e+00 5.384128e+00
 5.280590e+00 5.179044e+00 5.077615e+00 4.998308e+00 4.028876e+00 1.362948e+00
 6.629822e-01 6.102835e-01
 